,,,,,,,,,TD,RH,TDmax,TDmin
2019,7,1,0,0,0,0,182,-1,32.76643356643357,33.47552447552447,32.94055944055944,32.60559440559439
2019,7,2,0,0,0,1,183,-1,31.67152777777779,27.569444444444443,31.86111111111113,31.51458333333335
2019,7,3,0,0,0,2,184,-1,31.118055555555557,23.34027777777778,31.295138888888896,30.944444444444425
2019,7,4,0,0,0,3,185,-1,31.28611111111111,27.104166666666668,31.46249999999999,31.115972222222222
2019,7,5,0,0,0,4,186,-1,31.08888888888889,34.298611111111114,31.24652777777778,30.923611111111093
2019,7,6,0,0,0,5,187,-1,31.897916666666667,31.118055555555557,32.073611111111134,31.739583333333353
2019,7,7,0,0,0,6,188,-1,32.50142857142856,28.257142857142856,32.703571428571415,32.311428571428564
2019,7,8,0,0,0,0,189,-1,32.33958333333333,35.798611111111114,32.54722222222223,32.156944444444456
2019,7,9,0,0,0,1,190,-1,32.64097222222222,32.0,32.829861111111114,32.45138888888891
2019,7,10,0,0,0,2,191,-1,32.98819444444447,23.29861111111111,33.212500000000006,32.775
2019,7,11,0,0,0,3,192,-1,34.49027777777778,24.15277777777778,34.66805555555557,34.308333333333344
2019,7,12,0,0,0,4,193,-1,34.80277777777777,24.354166666666668,35.02916666666667,34.595138888888876
2019,7,13,0,0,0,5,194,-1,33.00902777777779,31.729166666666668,33.18125,32.831944444444446
2019,7,14,0,0,0,6,195,-1,31.62430555555555,30.20138888888889,31.7888888888889,31.460416666666667
2019,7,15,0,0,0,0,196,-1,31.22797202797203,34.51048951048951,31.398601398601404,31.07342657342656
2019,7,16,0,0,0,1,197,-1,31.04545454545455,34.48251748251748,31.21468531468531,30.876923076923074
2019,7,17,0,0,0,2,198,-1,34.96805555555556,21.958333333333332,35.170833333333334,34.76666666666668
2019,7,18,0,0,0,3,199,-1,34.26944444444445,32.4375,34.44861111111112,34.079861111111114
2019,7,19,0,0,0,4,200,-1,31.952777777777776,37.395833333333336,32.10347222222222,31.802083333333332
2019,7,20,0,0,0,5,201,-1,30.947222222222234,39.729166666666664,31.10555555555556,30.79861111111111
2019,7,21,0,0,0,6,202,-1,30.23472222222223,44.25694444444444,30.397222222222226,30.06805555555555
2019,7,22,0,0,0,0,203,-1,31.69305555555557,39.229166666666664,31.848611111111104,31.54791666666666
2019,7,23,0,0,0,1,204,-1,32.87222222222225,28.70138888888889,33.04791666666668,32.70624999999999
2019,7,24,0,0,0,2,205,-1,32.91180555555555,23.76388888888889,33.07222222222224,32.747222222222234
2019,7,25,0,0,0,3,206,-1,33.42361111111112,24.0625,33.59722222222223,33.261805555555554
2019,7,26,0,0,0,4,207,-1,32.688194444444456,29.02777777777778,32.85208333333335,32.523611111111116
2019,7,27,0,0,0,5,208,-1,31.46944444444445,37.81944444444444,31.638888888888875,31.310416666666665
2019,7,28,0,0,0,6,209,-1,31.55486111111111,34.63194444444444,31.72638888888891,31.401388888888903
2019,7,29,0,0,0,0,210,-1,32.152083333333344,32.50694444444444,32.36249999999998,31.95763888888888
2019,7,30,0,0,0,1,211,-1,33.63819444444444,27.92361111111111,33.81111111111112,33.461805555555564
2019,7,31,0,0,0,2,212,-1,34.13916083916082,26.237762237762237,34.32377622377624,33.96643356643357
2019,8,1,0,0,0,3,213,-1,29.9,34.0,30.0,29.8
