,,,,,,,,,TDmax,TDmin
2019,7,16,0,0,0,1,197,-1,31.21468531468531,30.876923076923074
2019,7,26,0,0,0,4,207,-1,32.85208333333335,32.523611111111116
2019,7,10,0,0,0,2,191,-1,33.212500000000006,32.775
2019,7,22,0,0,0,0,203,-1,31.848611111111104,31.54791666666666
2019,7,9,0,0,0,1,190,-1,32.829861111111114,32.45138888888891
2019,7,20,0,0,0,5,201,-1,31.10555555555556,30.79861111111111
2019,7,1,0,0,0,0,182,-1,32.94055944055944,32.60559440559439
2019,7,11,0,0,0,3,192,-1,34.66805555555557,34.308333333333344
2019,7,30,0,0,0,1,211,-1,33.81111111111112,33.461805555555564
2019,8,1,0,0,0,3,213,-1,30.0,29.8
2019,7,31,0,0,0,2,212,-1,34.32377622377624,33.96643356643357
2019,7,14,0,0,0,6,195,-1,31.7888888888889,31.460416666666667
2019,7,6,0,0,0,5,187,-1,32.073611111111134,31.739583333333353
2019,7,21,0,0,0,6,202,-1,30.397222222222226,30.06805555555555
2019,7,29,0,0,0,0,210,-1,32.36249999999998,31.95763888888888
2019,7,23,0,0,0,1,204,-1,33.04791666666668,32.70624999999999
2019,7,17,0,0,0,2,198,-1,35.170833333333334,34.76666666666668
2019,7,13,0,0,0,5,194,-1,33.18125,32.831944444444446
2019,7,27,0,0,0,5,208,-1,31.638888888888875,31.310416666666665
2019,7,4,0,0,0,3,185,-1,31.46249999999999,31.115972222222222
2019,7,3,0,0,0,2,184,-1,31.295138888888896,30.944444444444425
2019,7,18,0,0,0,3,199,-1,34.44861111111112,34.079861111111114
2019,7,7,0,0,0,6,188,-1,32.703571428571415,32.311428571428564
2019,7,28,0,0,0,6,209,-1,31.72638888888891,31.401388888888903
2019,7,12,0,0,0,4,193,-1,35.02916666666667,34.595138888888876
