2019,7,16,0,0,0,1,197,-1,31.04545454545455
2019,7,26,0,0,0,4,207,-1,32.688194444444456
2019,7,10,0,0,0,2,191,-1,32.98819444444447
2019,7,22,0,0,0,0,203,-1,31.69305555555557
2019,7,9,0,0,0,1,190,-1,32.64097222222222
2019,7,20,0,0,0,5,201,-1,30.947222222222234
2019,7,1,0,0,0,0,182,-1,32.76643356643357
2019,7,11,0,0,0,3,192,-1,34.49027777777778
2019,7,30,0,0,0,1,211,-1,33.63819444444444
2019,8,1,0,0,0,3,213,-1,29.9
2019,7,31,0,0,0,2,212,-1,34.13916083916082
2019,7,14,0,0,0,6,195,-1,31.62430555555555
2019,7,6,0,0,0,5,187,-1,31.897916666666667
2019,7,21,0,0,0,6,202,-1,30.23472222222223
2019,7,29,0,0,0,0,210,-1,32.152083333333344
2019,7,23,0,0,0,1,204,-1,32.87222222222225
2019,7,17,0,0,0,2,198,-1,34.96805555555556
2019,7,13,0,0,0,5,194,-1,33.00902777777779
2019,7,27,0,0,0,5,208,-1,31.46944444444445
2019,7,4,0,0,0,3,185,-1,31.28611111111111
2019,7,3,0,0,0,2,184,-1,31.118055555555557
2019,7,18,0,0,0,3,199,-1,34.26944444444445
2019,7,7,0,0,0,6,188,-1,32.50142857142856
2019,7,28,0,0,0,6,209,-1,31.55486111111111
2019,7,12,0,0,0,4,193,-1,34.80277777777777
