,0
0,32.688194444444456
1,32.98819444444447
2,31.69305555555557
3,32.64097222222222
4,30.947222222222234
5,32.76643356643357
6,34.49027777777778
7,33.63819444444444
8,29.9
9,34.13916083916082
10,31.62430555555555
11,31.897916666666667
12,30.23472222222223
13,32.152083333333344
14,32.87222222222225
15,34.96805555555556
16,33.00902777777779
17,31.46944444444445
18,31.28611111111111
19,31.118055555555557
20,34.26944444444445
21,32.50142857142856
22,31.55486111111111
23,34.80277777777777
24,32.42790465645466
